across:      
[[0,1,2],
 [3,4,5],
 [6,7,8]]


down:
[[0,3,6],
 [1,4,7],
 [2,5,8]]

upleft:
[[6],       0,2                         
 [3,7],     0,1     1,2
 [0,4,8],   0,0     1,1     2,2
 [1,5],     1,0     2,1
 [2]]       2,0

0,2     1,3     2,4
0,1     1,2     2,3
0,0     1,1     2,2
0,-1    1,0     2,1
0,-2    1,-1    2,0


(0,0) -> (0,2)
(0,1) -> (0,1)
(0,2) -> (0,0)
(0,3) -> (0,-1)
(0,4) -> (0,-2)
(1,0) -> (1,3)
(1,1) -> (1,2)
(1,2) -> (1,1)
(1,3) -> (1,0)
(1,4) -> (1,-1)
(2,0) -> (2,4)
(2,1) -> (2,3)
(2,2) -> (2,2)
(2,3) -> (2,1)
(2,4) -> (2,0)

y' = l-y
where l = (length grid) + x - 1

y = l - y'

[[0,1,2,3],
 [4,5,6,7],
 [8,9,a,b],
 [c,d,e,f]]
 
[[c],
 [8,d],
 [4,9,e],
 [0,5,a,f],
 [1,6,b],
 [2,7],
 [3]]

0,3     1,4     2,5     3,6
0,2     1,3     2,4     3,5
0,1     1,2     2,3     3,4
0,0     1,1     2,2     3,3
0...

 
upright:
[[0],       0,0
 [3,1],     0,1     1,0
 [6,4,2],   0,2     1,1     2,0
 [7,5],     1,2     2,1
 [8]]       2,2

 
 