20
5134 2621 141 183 1000000 2309 282 36 56 66 26
35728 35276 139 460 1000000 14745 27690 33 97 8 69
37637 35252 131 4 1326 1844 2265 72 38 3 79
4718 7077 134 115 1000000 3964 4597 7 20 29 77
36478 39536 170 1 1442 22516 31242 4 70 37 6
35510 11125 1346 1407 395 35248 9485 18 91 26 9
8497 2343 94 193 1000000 5999 1852 70 15 92 16
4 4 1 1 3 1 1 2 2 2 2
39353 39838 20565 20767 3 35517 37854 90 60 17 84
4 4 2 2 1 0 2 1 2 3 4
36402 39273 278 35 1000000 11371 25106 51 98 33 54
20133 29990 1305 1623 603 7664 19517 81 90 36 9
943 715 356 144 449 893 533 86 24 28 90
24576 30148 1171 1922 740 19787 13047 34 74 34 11
9883 7515 100 76 1000000 9567 1921 35 86 77 52
703 687 125 343 321 68 78 38 8 2 66
39954 39461 443 17 1000000 34349 36388 60 98 69 44
1163 9027 94 86 1000000 1054 6993 92 90 59 19
6503 8478 146 197 1000000 332 8138 33 8 90 43
21995 37911 1150 1245 833 47 23529 19 74 87 95
