20
70413132 123 1 10000000 10000000 20000001 190000000 90000001 360000002
54341206 9999909 9999991 9999949 9999991 689996482 829995765 749999326 389999649
36302668 1 10000000 10000000 10000000 910000001 610000000 380000001 579999998
47024811 9999991 1 9999991 9999989 729999344 309999719 789999132 309999659
980046644627629799 9 123456 18 10000000 831918484 451864686 840000324 650000765
758494663875 1 1 1 1 34857 92345 929 16730375
81834165 9999991 1 9999991 9999989 389999650 169999844 799999121 149999837
739825879172045328 2683878 7208112 2912862 8898138 631358954 451401022 51028288 625542185
907005781191085944 1 5 9999949 9999991 839995717 809995867 459999587 579999478
34468440 999999 12347 9699690 9748872 378288879 843875938 672672191 643425609
967137226678506093 9999987 1 10000000 999999 90000001 639999998 26999974 440999568
1530944270 123456 557 9988776 1025 559372110 918968142 802729910 688062000
1664735681 1 5 9999949 9999991 599996941 719996326 159999857 579999478
962024073147815594 9999991 1 9999991 9999989 129999884 899999187 979998923 129999859
905104693315080537 9999909 9999991 9999949 10000000 649996686 729996274 470000001 920000002
918495108443110920 9999991 1 9999991 9999989 849999236 589999466 309999660 169999814
5 1 4 5 7 1 0 1 2
940978906345340844 759324 967048 10000000 9999999 810000001 650000000 59999995 259999974
6042199 9 123456 18 10000000 39655126 836306508 640000324 90000765
1511881142 123 1 10000000 10000000 1 850000000 360000001 470000002
